1 0 5 0 0 5517 0.000000 2708.000000 5502.000000 inf
1 0 5 1 0 5642 0.000000 2631.000000 5626.000000 5626.000000
1 0 5 1 0 5616 0.000000 2612.000000 5597.000000 5597.000000
1 0 5 3 0 6541 0.000000 2610.000000 6524.000000 2174.666667
1 0 5 0 0 5295 0.000000 2596.000000 5281.000000 inf
1 0 5 1 0 5550 0.000000 2538.000000 5533.000000 5533.000000
1 0 5 0 0 5082 0.000000 2549.000000 5068.000000 inf
1 0 5 1 0 5723 0.000000 2565.000000 5707.000000 5707.000000
1 0 5 0 0 5296 0.000000 2716.000000 5281.000000 inf
1 0 5 1 0 6474 0.000000 2943.000000 6459.000000 6459.000000
1 0 5 2 0 5962 0.000000 2564.000000 5943.000000 2971.500000
1 0 5 0 0 5369 0.000000 2654.000000 5354.000000 inf
1 0 5 1 0 5595 0.000000 2581.000000 5578.000000 5578.000000
1 0 5 0 0 5136 0.000000 2483.000000 5121.000000 inf
1 0 5 1 0 5875 0.000000 2831.000000 5860.000000 5860.000000
1 0 5 0 0 5169 0.000000 2558.000000 5153.000000 inf
