--------------
2 2 2 2 2 2 2 2 2 2 2 2 2 2 2 2 2 2 2 2 22 22 22 22 22 22 22 22 22 22 22 22 22 22 22 22 22 22 22 22 0 2 2 0 2 2 0 2 2 0 2 2 0 2 2 0 2 2 0 2 2 0 2 2 0 2 2 0 2 2 0 2 2 0 2 2 0 2 2 0 2 2 0 2 2 0 2 2 0 2 2 0 2 2 0 2 2 0 2 5 
2 2 2 2 2 2 2 2 2 2 2 2 2 2 2 2 2 2 2 2 22 22 22 22 22 22 22 22 22 22 22 22 22 22 22 22 22 22 22 22 0 2 2 0 2 2 0 2 2 0 2 2 0 2 2 0 2 2 0 2 2 0 2 2 0 2 2 0 2 2 0 2 2 0 2 2 0 2 2 0 2 2 0 2 2 0 2 2 0 2 2 0 2 2 0 2 2 0 2 9 

[ 0.000000 0.000000 ]
[ 0.000000 0.000000 ]

[ 0.000000 1.000000 ]
[ 0.000000 0.000000 ]

[ 0.000000 0.000000 ]
[ 0.000000 0.000000 ]

--------------
2 2 2 2 2 2 2 2 2 2 2 2 2 2 2 2 2 2 2 2 22 22 22 22 22 22 22 22 22 22 22 22 22 22 22 22 22 22 22 22 0 2 2 0 2 2 0 2 2 0 2 2 0 2 2 0 2 2 0 2 2 0 2 2 0 2 2 0 2 2 0 2 2 0 2 2 0 2 2 0 2 2 0 2 2 0 2 2 0 2 2 0 2 2 0 2 2 0 2 10 
2 2 2 2 2 2 2 2 2 2 2 2 2 2 2 2 2 2 2 2 22 22 22 22 22 22 22 22 22 22 22 22 22 22 22 22 22 22 22 22 0 2 2 0 2 2 0 2 2 0 2 2 0 2 2 0 2 2 0 2 2 0 2 2 0 2 2 0 2 2 0 2 2 0 2 2 0 2 2 0 2 2 0 2 2 0 2 2 0 2 2 0 2 2 0 2 2 0 2 6 

[ 0.000000 0.000000 ]
[ 0.000000 0.000000 ]

[ 0.000000 1.000000 ]
[ 0.000000 0.000000 ]

[ 0.000000 0.000000 ]
[ 0.000000 0.000000 ]

--------------
2 2 2 2 2 2 2 2 2 2 2 2 2 2 2 2 2 2 2 2 22 22 22 22 22 22 22 22 22 22 22 22 22 22 22 22 22 22 22 22 0 2 2 0 2 2 0 2 2 0 2 2 0 2 2 0 2 2 0 2 2 0 2 2 0 2 2 0 2 2 0 2 2 0 2 2 0 2 2 0 2 2 0 2 2 0 2 2 0 2 2 0 2 2 0 2 2 0 2 7 
2 2 2 2 2 2 2 2 2 2 2 2 2 2 2 2 2 2 2 2 22 22 22 22 22 22 22 22 22 22 22 22 22 22 22 22 22 22 22 22 0 2 2 0 2 2 0 2 2 0 2 2 0 2 2 0 2 2 0 2 2 0 2 2 0 2 2 0 2 2 0 2 2 0 2 2 0 2 2 0 2 2 0 2 2 0 2 2 0 2 2 0 2 2 0 2 2 0 2 3 

[ 0.000000 0.000000 ]
[ 0.000000 0.000000 ]

[ 0.000000 1.000000 ]
[ 0.000000 0.000000 ]

[ 0.000000 0.000000 ]
[ 0.000000 0.000000 ]

--------------
2 2 2 2 2 2 2 2 2 2 2 2 2 2 2 2 2 2 2 2 22 22 22 22 22 22 22 22 22 22 22 22 22 22 22 22 22 22 22 22 0 2 2 0 2 2 0 2 2 0 2 2 0 2 2 0 2 2 0 2 2 0 2 2 0 2 2 0 2 2 0 2 2 0 2 2 0 2 2 0 2 2 0 2 2 0 2 2 0 2 2 0 2 2 0 2 2 0 2 2 
2 2 2 2 2 2 2 2 2 2 2 2 2 2 2 2 2 2 2 2 22 22 22 22 22 22 22 22 22 22 22 22 22 22 22 22 22 22 22 22 0 2 2 0 2 2 0 2 2 0 2 2 0 2 2 0 2 2 0 2 2 0 2 2 0 2 2 0 2 2 0 2 2 0 2 2 0 2 2 0 2 2 0 2 2 0 2 2 0 2 2 0 2 2 0 2 2 0 2 4 

[ 0.000000 0.000000 ]
[ 0.000000 0.000000 ]

[ 0.000000 1.000000 ]
[ 0.000000 0.000000 ]

[ 0.000000 0.000000 ]
[ 0.000000 0.000000 ]

--------------
2 2 2 2 2 2 2 2 2 2 2 2 2 2 2 2 2 2 2 2 22 22 22 22 22 22 22 22 22 22 22 22 22 22 22 22 22 22 22 22 0 2 2 0 2 2 0 2 2 0 2 2 0 2 2 0 2 2 0 2 2 0 2 2 0 2 2 0 2 2 0 2 2 0 2 2 0 2 2 0 2 2 0 2 2 0 2 2 0 2 2 0 2 2 0 2 2 0 2 2 
2 2 2 2 2 2 2 2 2 2 2 2 2 2 2 2 2 2 2 2 22 22 22 22 22 22 22 22 22 22 22 22 22 22 22 22 22 22 22 22 0 2 2 0 2 2 0 2 2 0 2 2 0 2 2 0 2 2 0 2 2 0 2 2 0 2 2 0 2 2 0 2 2 0 2 2 0 2 2 0 2 2 0 2 2 0 2 2 0 2 2 0 2 2 0 2 2 0 2 11 

[ 0.000000 0.000000 ]
[ 0.000000 0.000000 ]

[ 0.000000 1.000000 ]
[ 0.000000 0.000000 ]

[ 0.000000 0.000000 ]
[ 0.000000 0.000000 ]

